-0.0000000070 
-0.0000000320 
-0.0000000810 
-0.0000001600 
-0.0000002750 
-0.0000004351 
-0.0000006441 
-0.0000009111 
-0.0000012432 
-0.0000016462 
-0.0000021263 
-0.0000026924 
-0.0000033465 
-0.0000040966 
-0.0000049457 
-0.0000058968 
-0.0000069520 
-0.0000081121 
-0.0000093773 
-0.0000107435 
-0.0000122067 
-0.0000137619 
-0.0000154012 
-0.0000171134 
-0.0000188866 
-0.0000207049 
-0.0000225532 
-0.0000244094 
-0.0000262517 
-0.0000280569 
-0.0000297952 
-0.0000314394 
-0.0000329546 
-0.0000343088 
-0.0000354640 
-0.0000363811 
-0.0000370202 
-0.0000373392 
-0.0000372952 
-0.0000368421 
-0.0000359370 
-0.0000345318 
-0.0000325836 
-0.0000300452 
-0.0000268738 
-0.0000230262 
-0.0000184616 
-0.0000131408 
-0.0000070280 
-0.0000000920 
0.0000076951 
0.0000163583 
0.0000259156 
0.0000363801 
0.0000477567 
0.0000600474 
0.0000732442 
0.0000873302 
0.0001022843 
0.0001180715 
0.0001346518 
0.0001519732 
0.0001699758 
0.0001885874 
0.0002077280 
0.0002273048 
0.0002472155 
0.0002673484 
0.0002875792 
0.0003077740 
0.0003277898 
0.0003474736 
0.0003666622 
0.0003851848 
0.0004028613 
0.0004195046 
0.0004349218 
0.0004489117 
0.0004612725 
0.0004717929 
0.0004802641 
0.0004864730 
0.0004902085 
0.0004912577 
0.0004894124 
0.0004844697 
0.0004762316 
0.0004645059 
0.0004491118 
0.0004298781 
0.0004066468 
0.0003792740 
0.0003476316 
0.0003116095 
0.0002711169 
0.0002260846 
0.0001764657 
0.0001222371 
0.0000634029 
-0.0000000060 
-0.0000679295 
-0.0001402796 
-0.0002169343 
-0.0002977416 
-0.0003825155 
-0.0004710358 
-0.0005630497 
-0.0006582690 
-0.0007563677 
-0.0008569898 
-0.0009597401 
-0.0010641907 
-0.0011698795 
-0.0012763094 
-0.0013829533 
-0.0014892511 
-0.0015946128 
-0.0016984214 
-0.0018000296 
-0.0018987693 
-0.0019939487 
-0.0020848544 
-0.0021707554 
-0.0022509086 
-0.0023245549 
-0.0023909301 
-0.0024492603 
-0.0024987722 
-0.0025386928 
-0.0025682529 
-0.0025866925 
-0.0025932624 
-0.0025872326 
-0.0025678879 
-0.0025345402 
-0.0024865285 
-0.0024232226 
-0.0023440276 
-0.0022483872 
-0.0021357875 
-0.0020057613 
-0.0018578926 
-0.0016918144 
-0.0015072196 
-0.0013038582 
-0.0010815431 
-0.0008401504 
-0.0005796240 
-0.0002999759 
-0.0000012882 
0.0003162822 
0.0006525092 
0.0010070907 
0.0013796478 
0.0017697293 
0.0021768092 
0.0026002854 
0.0030394818 
0.0034936522 
0.0039619767 
0.0044435660 
0.0049374660 
0.0054426556 
0.0059580526 
0.0064825159 
0.0070148493 
0.0075538046 
0.0080980857 
0.0086463543 
0.0091972323 
0.0097493074 
0.0103011396 
0.0108512654 
0.0113981999 
0.0119404487 
0.0124765076 
0.0130048724 
0.0135240420 
0.0140325260 
0.0145288494 
0.0150115588 
0.0154792282 
0.0159304643 
0.0163639138 
0.0167782677 
0.0171722638 
0.0175446978 
0.0178944247 
0.0182203613 
0.0185214953 
0.0187968888 
0.0190456786 
0.0192670845 
0.0194604066 
0.0196250366 
0.0197604515 
0.0198662243 
0.0199420159 
0.0199875882 
0.0200027954 
0.0199875882 
0.0199420159 
0.0198662243 
0.0197604515 
0.0196250366 
0.0194604066 
0.0192670845 
0.0190456786 
0.0187968888 
0.0185214953 
0.0182203613 
0.0178944247 
0.0175446978 
0.0171722638 
0.0167782677 
0.0163639138 
0.0159304643 
0.0154792282 
0.0150115588 
0.0145288494 
0.0140325260 
0.0135240420 
0.0130048724 
0.0124765076 
0.0119404487 
0.0113981999 
0.0108512654 
0.0103011396 
0.0097493074 
0.0091972323 
0.0086463543 
0.0080980857 
0.0075538046 
0.0070148493 
0.0064825159 
0.0059580526 
0.0054426556 
0.0049374660 
0.0044435660 
0.0039619767 
0.0034936522 
0.0030394818 
0.0026002854 
0.0021768092 
0.0017697293 
0.0013796478 
0.0010070907 
0.0006525092 
0.0003162822 
-0.0000012882 
-0.0002999759 
-0.0005796240 
-0.0008401504 
-0.0010815431 
-0.0013038582 
-0.0015072196 
-0.0016918144 
-0.0018578926 
-0.0020057613 
-0.0021357875 
-0.0022483872 
-0.0023440276 
-0.0024232226 
-0.0024865285 
-0.0025345402 
-0.0025678879 
-0.0025872326 
-0.0025932624 
-0.0025866925 
-0.0025682529 
-0.0025386928 
-0.0024987722 
-0.0024492603 
-0.0023909301 
-0.0023245549 
-0.0022509086 
-0.0021707554 
-0.0020848544 
-0.0019939487 
-0.0018987693 
-0.0018000296 
-0.0016984214 
-0.0015946128 
-0.0014892511 
-0.0013829533 
-0.0012763094 
-0.0011698795 
-0.0010641907 
-0.0009597401 
-0.0008569898 
-0.0007563677 
-0.0006582690 
-0.0005630497 
-0.0004710358 
-0.0003825155 
-0.0002977416 
-0.0002169343 
-0.0001402796 
-0.0000679295 
-0.0000000060 
0.0000634029 
0.0001222371 
0.0001764657 
0.0002260846 
0.0002711169 
0.0003116095 
0.0003476316 
0.0003792740 
0.0004066468 
0.0004298781 
0.0004491118 
0.0004645059 
0.0004762316 
0.0004844697 
0.0004894124 
0.0004912577 
0.0004902085 
0.0004864730 
0.0004802641 
0.0004717929 
0.0004612725 
0.0004489117 
0.0004349218 
0.0004195046 
0.0004028613 
0.0003851848 
0.0003666622 
0.0003474736 
0.0003277898 
0.0003077740 
0.0002875792 
0.0002673484 
0.0002472155 
0.0002273048 
0.0002077280 
0.0001885874 
0.0001699758 
0.0001519732 
0.0001346518 
0.0001180715 
0.0001022843 
0.0000873302 
0.0000732442 
0.0000600474 
0.0000477567 
0.0000363801 
0.0000259156 
0.0000163583 
0.0000076951 
-0.0000000920 
-0.0000070280 
-0.0000131408 
-0.0000184616 
-0.0000230262 
-0.0000268738 
-0.0000300452 
-0.0000325836 
-0.0000345318 
-0.0000359370 
-0.0000368421 
-0.0000372952 
-0.0000373392 
-0.0000370202 
-0.0000363811 
-0.0000354640 
-0.0000343088 
-0.0000329546 
-0.0000314394 
-0.0000297952 
-0.0000280569 
-0.0000262517 
-0.0000244094 
-0.0000225532 
-0.0000207049 
-0.0000188866 
-0.0000171134 
-0.0000154012 
-0.0000137619 
-0.0000122067 
-0.0000107435 
-0.0000093773 
-0.0000081121 
-0.0000069520 
-0.0000058968 
-0.0000049457 
-0.0000040966 
-0.0000033465 
-0.0000026924 
-0.0000021263 
-0.0000016462 
-0.0000012432 
-0.0000009111 
-0.0000006441 
-0.0000004351 
-0.0000002750 
-0.0000001600 
-0.0000000810 
-0.0000000320 
-0.0000000070 
