-0.00000004300594 
-0.00000018502554 
-0.00000040505592 
-0.00000064108850 
-0.00000079510976 
-0.00000075310396 
-0.00000042305840 
0.00000023503244 
0.00000117816264 
0.00000226231230 
0.00000325344912 
0.00000386053292 
0.00000379552395 
0.00000284739307 
0.00000095613199 
-0.00000173723982 
-0.00000486267126 
-0.00000785708462 
-0.00001004138615 
-0.00001074648349 
-0.00000945930580 
-0.00000597482479 
-0.00000050106917 
0.00000629486897 
0.00001333484079 
0.00001926765978 
0.00002269913348 
0.00002246510117 
0.00001790947230 
0.00000910825734 
-0.00000301541626 
-0.00001673130966 
-0.00002970110006 
-0.00003934043071 
-0.00004328097468 
-0.00003985950237 
-0.00002855494184 
-0.00001025341542 
0.00001270175340 
0.00003674907299 
0.00005760395188 
0.00007096679654 
0.00007332812251 
0.00006273766056 
0.00003937243513 
0.00000578979925 
-0.00003323858839 
-0.00007133284707 
-0.00010147300774 
-0.00011721818127 
-0.00011396073160 
-0.00008998642209 
-0.00004713950733 
0.00000910725720 
0.00007022569424 
0.00012583737109 
0.00016538983107 
0.00018004785453 
0.00016447670502 
0.00011818331450 
0.00004611636609 
-0.00004164974950 
-0.00013119511070 
-0.00020685855558 
-0.00025386104399 
-0.00026104003501 
-0.00022319581084 
-0.00014260368558 
-0.00002932304787 
0.00009984478297 
0.00022370888167 
0.00032003817935 
0.00036940599428 
0.00035888254158 
0.00028490832989 
0.00015475636319 
-0.00001379290403 
-0.00019466787273 
-0.00035738233449 
-0.00047201815927 
-0.00051453202806 
-0.00047147308403 
-0.00034321837924 
-0.00014505102342 
0.00009430601838 
0.00033662746940 
0.00054010755861 
0.00066638699073 
0.00068751290703 
0.00059163167120 
0.00038629932630 
0.00009864961799 
-0.00022784045201 
-0.00053968049965 
-0.00078192293977 
-0.00090759628822 
-0.00088645136929 
-0.00071142420784 
-0.00040154743121 
-0.00000051907165 
0.00042910123485 
0.00081538655922 
0.00108882830621 
0.00119452489699 
0.00110267621784 
0.00081546456999 
0.00036885891876 
-0.00017128864537 
-0.00071858619651 
-0.00117961383861 
-0.00146954586199 
-0.00152732583817 
-0.00132774428713 
-0.00088812059972 
-0.00026809800932 
0.00043786644484 
0.00111447984726 
0.00164407395454 
0.00192665096261 
0.00189816102974 
0.00154375810654 
0.00090344371498 
0.00006865647761 
-0.00083018060145 
-0.00164355688317 
-0.00222727646215 
-0.00246745461731 
-0.00230185875779 
-0.00173371732928 
-0.00083517829135 
0.00026079400105 
0.00137941742030 
0.00233137083176 
0.00294420542989 
0.00309278193999 
0.00272346395786 
0.00186759180984 
0.00064128452548 
-0.00076919918333 
-0.00213491871272 
-0.00322061858707 
-0.00382436093008 
-0.00381386648138 
-0.00315323528521 
-0.00191489834023 
-0.00027392981437 
0.00151539719149 
0.00315789292817 
0.00436499656159 
0.00490409298061 
0.00464140471807 
0.00357079692709 
0.00182282062945 
-0.00034876314466 
-0.00260208020156 
-0.00455929438323 
-0.00586811405794 
-0.00626291655805 
-0.00561523414938 
-0.00396447227161 
-0.00152247016787 
0.00135052443179 
0.00419632627766 
0.00652905129636 
0.00791475258411 
0.00804789796403 
0.00681181132968 
0.00431201924839 
0.00087515180946 
-0.00298881558806 
-0.00665737301040 
-0.00949014705786 
-0.01093374333767 
-0.01062053310087 
-0.00844499778127 
-0.00460369751282 
0.00041026563471 
0.00586092906609 
0.01086655406259 
0.01452836055300 
0.01607346984607 
0.01499127945618 
0.01114212410338 
0.00481983434921 
-0.00324448488167 
-0.01194227255907 
-0.01990674100616 
-0.02567850376337 
-0.02789722004384 
-0.02549411030896 
-0.01785882530368 
-0.00495651721746 
0.01262321955972 
0.03369522342342 
0.05658489220486 
0.07930055896636 
0.09975185714537 
0.11598722334026 
0.12642054559780 
0.13001794819764 
0.12642054559780 
0.11598722334026 
0.09975185714537 
0.07930055896636 
0.05658489220486 
0.03369522342342 
0.01262321955972 
-0.00495651721746 
-0.01785882530368 
-0.02549411030896 
-0.02789722004384 
-0.02567850376337 
-0.01990674100616 
-0.01194227255907 
-0.00324448488167 
0.00481983434921 
0.01114212410338 
0.01499127945618 
0.01607346984607 
0.01452836055300 
0.01086655406259 
0.00586092906609 
0.00041026563471 
-0.00460369751282 
-0.00844499778127 
-0.01062053310087 
-0.01093374333767 
-0.00949014705786 
-0.00665737301040 
-0.00298881558806 
0.00087515180946 
0.00431201924839 
0.00681181132968 
0.00804789796403 
0.00791475258411 
0.00652905129636 
0.00419632627766 
0.00135052443179 
-0.00152247016787 
-0.00396447227161 
-0.00561523414938 
-0.00626291655805 
-0.00586811405794 
-0.00455929438323 
-0.00260208020156 
-0.00034876314466 
0.00182282062945 
0.00357079692709 
0.00464140471807 
0.00490409298061 
0.00436499656159 
0.00315789292817 
0.00151539719149 
-0.00027392981437 
-0.00191489834023 
-0.00315323528521 
-0.00381386648138 
-0.00382436093008 
-0.00322061858707 
-0.00213491871272 
-0.00076919918333 
0.00064128452548 
0.00186759180984 
0.00272346395786 
0.00309278193999 
0.00294420542989 
0.00233137083176 
0.00137941742030 
0.00026079400105 
-0.00083517829135 
-0.00173371732928 
-0.00230185875779 
-0.00246745461731 
-0.00222727646215 
-0.00164355688317 
-0.00083018060145 
0.00006865647761 
0.00090344371498 
0.00154375810654 
0.00189816102974 
0.00192665096261 
0.00164407395454 
0.00111447984726 
0.00043786644484 
-0.00026809800932 
-0.00088812059972 
-0.00132774428713 
-0.00152732583817 
-0.00146954586199 
-0.00117961383861 
-0.00071858619651 
-0.00017128864537 
0.00036885891876 
0.00081546456999 
0.00110267621784 
0.00119452489699 
0.00108882830621 
0.00081538655922 
0.00042910123485 
-0.00000051907165 
-0.00040154743121 
-0.00071142420784 
-0.00088645136929 
-0.00090759628822 
-0.00078192293977 
-0.00053968049965 
-0.00022784045201 
0.00009864961799 
0.00038629932630 
0.00059163167120 
0.00068751290703 
0.00066638699073 
0.00054010755861 
0.00033662746940 
0.00009430601838 
-0.00014505102342 
-0.00034321837924 
-0.00047147308403 
-0.00051453202806 
-0.00047201815927 
-0.00035738233449 
-0.00019466787273 
-0.00001379290403 
0.00015475636319 
0.00028490832989 
0.00035888254158 
0.00036940599428 
0.00032003817935 
0.00022370888167 
0.00009984478297 
-0.00002932304787 
-0.00014260368558 
-0.00022319581084 
-0.00026104003501 
-0.00025386104399 
-0.00020685855558 
-0.00013119511070 
-0.00004164974950 
0.00004611636609 
0.00011818331450 
0.00016447670502 
0.00018004785453 
0.00016538983107 
0.00012583737109 
0.00007022569424 
0.00000910725720 
-0.00004713950733 
-0.00008998642209 
-0.00011396073160 
-0.00011721818127 
-0.00010147300774 
-0.00007133284707 
-0.00003323858839 
0.00000578979925 
0.00003937243513 
0.00006273766056 
0.00007332812251 
0.00007096679654 
0.00005760395188 
0.00003674907299 
0.00001270175340 
-0.00001025341542 
-0.00002855494184 
-0.00003985950237 
-0.00004328097468 
-0.00003934043071 
-0.00002970110006 
-0.00001673130966 
-0.00000301541626 
0.00000910825734 
0.00001790947230 
0.00002246510117 
0.00002269913348 
0.00001926765978 
0.00001333484079 
0.00000629486897 
-0.00000050106917 
-0.00000597482479 
-0.00000945930580 
-0.00001074648349 
-0.00001004138615 
-0.00000785708462 
-0.00000486267126 
-0.00000173723982 
0.00000095613199 
0.00000284739307 
0.00000379552395 
0.00000386053292 
0.00000325344912 
0.00000226231230 
0.00000117816264 
0.00000023503244 
-0.00000042305840 
-0.00000075310396 
-0.00000079510976 
-0.00000064108850 
-0.00000040505592 
-0.00000018502554 
-0.00000004300594 
