-0.0000000100 
-0.0000000480 
-0.0000001200 
-0.0000002360 
-0.0000004050 
-0.0000006331 
-0.0000009271 
-0.0000012951 
-0.0000017402 
-0.0000022652 
-0.0000028723 
-0.0000035584 
-0.0000043204 
-0.0000051505 
-0.0000060386 
-0.0000069717 
-0.0000079308 
-0.0000088969 
-0.0000098450 
-0.0000107461 
-0.0000115702 
-0.0000122822 
-0.0000128443 
-0.0000132193 
-0.0000133624 
-0.0000132343 
-0.0000127893 
-0.0000119852 
-0.0000107811 
-0.0000091359 
-0.0000070137 
-0.0000043824 
-0.0000012131 
0.0000025143 
0.0000068137 
0.0000116912 
0.0000171427 
0.0000231543 
0.0000297010 
0.0000367457 
0.0000442385 
0.0000521163 
0.0000603031 
0.0000687100 
0.0000772338 
0.0000857587 
0.0000941545 
0.0001022834 
0.0001099922 
0.0001171209 
0.0001235015 
0.0001289581 
0.0001333135 
0.0001363848 
0.0001379940 
0.0001379640 
0.0001361228 
0.0001323094 
0.0001263748 
0.0001181850 
0.0001076239 
0.0000945986 
0.0000790400 
0.0000609072 
0.0000401901 
0.0000169117 
-0.0000088689 
-0.0000370548 
-0.0000675088 
-0.0001000541 
-0.0001344706 
-0.0001704963 
-0.0002078291 
-0.0002461220 
-0.0002849919 
-0.0003240139 
-0.0003627298 
-0.0004006496 
-0.0004372523 
-0.0004719959 
-0.0005043161 
-0.0005336381 
-0.0005593777 
-0.0005809529 
-0.0005977846 
-0.0006093118 
-0.0006149924 
-0.0006143163 
-0.0006068105 
-0.0005920500 
-0.0005696618 
-0.0005393387 
-0.0005008418 
-0.0004540130 
-0.0003987754 
-0.0003351470 
-0.0002632407 
-0.0001832726 
-0.0000955637 
-0.0000005461 
0.0001012393 
0.0002091382 
0.0003223877 
0.0004401136 
0.0005613359 
0.0006849725 
0.0008098471 
0.0009346938 
0.0010581673 
0.0011788546 
0.0012952814 
0.0014059326 
0.0015092571 
0.0016036917 
0.0016876702 
0.0017596445 
0.0018181004 
0.0018615748 
0.0018886766 
0.0018981045 
0.0018886646 
0.0018592906 
0.0018090605 
0.0017372142 
0.0016431737 
0.0015265528 
0.0013871787 
0.0012250983 
0.0010405935 
0.0008341926 
0.0006066745 
0.0003590744 
0.0000926904 
-0.0001909164 
-0.0004899277 
-0.0008022644 
-0.0011256002 
-0.0014573668 
-0.0017947680 
-0.0021347935 
-0.0024742339 
-0.0028097050 
-0.0031376652 
-0.0034544434 
-0.0037562630 
-0.0040392717 
-0.0042995721 
-0.0045332508 
-0.0047364124 
-0.0049052155 
-0.0050359028 
-0.0051248418 
-0.0051685532 
-0.0051637487 
-0.0051073660 
-0.0049966018 
-0.0048289398 
-0.0046021848 
-0.0043144906 
-0.0039643851 
-0.0035507941 
-0.0030730627 
-0.0025309737 
-0.0019247602 
-0.0012551193 
-0.0005232171 
0.0002693053 
0.0011203306 
0.0020272766 
0.0029870930 
0.0039962833 
0.0050509153 
0.0061466434 
0.0072787292 
0.0084420732 
0.0096312408 
0.0108404995 
0.0120638546 
0.0132950884 
0.0145278035 
0.0157554650 
0.0169714463 
0.0181690788 
0.0193416977 
0.0204826884 
0.0215855413 
0.0226438926 
0.0236515778 
0.0246026763 
0.0254915535 
0.0263129088 
0.0270618117 
0.0277337439 
0.0283246298 
0.0288308711 
0.0292493756 
0.0295775769 
0.0298134608 
0.0299555742 
0.0300030430 
0.0299555742 
0.0298134608 
0.0295775769 
0.0292493756 
0.0288308711 
0.0283246298 
0.0277337439 
0.0270618117 
0.0263129088 
0.0254915535 
0.0246026763 
0.0236515778 
0.0226438926 
0.0215855413 
0.0204826884 
0.0193416977 
0.0181690788 
0.0169714463 
0.0157554650 
0.0145278035 
0.0132950884 
0.0120638546 
0.0108404995 
0.0096312408 
0.0084420732 
0.0072787292 
0.0061466434 
0.0050509153 
0.0039962833 
0.0029870930 
0.0020272766 
0.0011203306 
0.0002693053 
-0.0005232171 
-0.0012551193 
-0.0019247602 
-0.0025309737 
-0.0030730627 
-0.0035507941 
-0.0039643851 
-0.0043144906 
-0.0046021848 
-0.0048289398 
-0.0049966018 
-0.0051073660 
-0.0051637487 
-0.0051685532 
-0.0051248418 
-0.0050359028 
-0.0049052155 
-0.0047364124 
-0.0045332508 
-0.0042995721 
-0.0040392717 
-0.0037562630 
-0.0034544434 
-0.0031376652 
-0.0028097050 
-0.0024742339 
-0.0021347935 
-0.0017947680 
-0.0014573668 
-0.0011256002 
-0.0008022644 
-0.0004899277 
-0.0001909164 
0.0000926904 
0.0003590744 
0.0006066745 
0.0008341926 
0.0010405935 
0.0012250983 
0.0013871787 
0.0015265528 
0.0016431737 
0.0017372142 
0.0018090605 
0.0018592906 
0.0018886646 
0.0018981045 
0.0018886766 
0.0018615748 
0.0018181004 
0.0017596445 
0.0016876702 
0.0016036917 
0.0015092571 
0.0014059326 
0.0012952814 
0.0011788546 
0.0010581673 
0.0009346938 
0.0008098471 
0.0006849725 
0.0005613359 
0.0004401136 
0.0003223877 
0.0002091382 
0.0001012393 
-0.0000005461 
-0.0000955637 
-0.0001832726 
-0.0002632407 
-0.0003351470 
-0.0003987754 
-0.0004540130 
-0.0005008418 
-0.0005393387 
-0.0005696618 
-0.0005920500 
-0.0006068105 
-0.0006143163 
-0.0006149924 
-0.0006093118 
-0.0005977846 
-0.0005809529 
-0.0005593777 
-0.0005336381 
-0.0005043161 
-0.0004719959 
-0.0004372523 
-0.0004006496 
-0.0003627298 
-0.0003240139 
-0.0002849919 
-0.0002461220 
-0.0002078291 
-0.0001704963 
-0.0001344706 
-0.0001000541 
-0.0000675088 
-0.0000370548 
-0.0000088689 
0.0000169117 
0.0000401901 
0.0000609072 
0.0000790400 
0.0000945986 
0.0001076239 
0.0001181850 
0.0001263748 
0.0001323094 
0.0001361228 
0.0001379640 
0.0001379940 
0.0001363848 
0.0001333135 
0.0001289581 
0.0001235015 
0.0001171209 
0.0001099922 
0.0001022834 
0.0000941545 
0.0000857587 
0.0000772338 
0.0000687100 
0.0000603031 
0.0000521163 
0.0000442385 
0.0000367457 
0.0000297010 
0.0000231543 
0.0000171427 
0.0000116912 
0.0000068137 
0.0000025143 
-0.0000012131 
-0.0000043824 
-0.0000070137 
-0.0000091359 
-0.0000107811 
-0.0000119852 
-0.0000127893 
-0.0000132343 
-0.0000133624 
-0.0000132193 
-0.0000128443 
-0.0000122822 
-0.0000115702 
-0.0000107461 
-0.0000098450 
-0.0000088969 
-0.0000079308 
-0.0000069717 
-0.0000060386 
-0.0000051505 
-0.0000043204 
-0.0000035584 
-0.0000028723 
-0.0000022652 
-0.0000017402 
-0.0000012951 
-0.0000009271 
-0.0000006331 
-0.0000004050 
-0.0000002360 
-0.0000001200 
-0.0000000480 
-0.0000000100 
