0.0000000080 
0.0000000390 
0.0000001000 
0.0000001980 
0.0000003401 
0.0000005351 
0.0000007891 
0.0000011102 
0.0000015043 
0.0000019774 
0.0000025345 
0.0000031776 
0.0000039107 
0.0000047329 
0.0000056430 
0.0000066362 
0.0000077074 
0.0000088476 
0.0000100458 
0.0000112870 
0.0000125543 
0.0000138275 
0.0000150837 
0.0000162960 
0.0000174362 
0.0000184714 
0.0000193675 
0.0000200886 
0.0000205937 
0.0000208438 
0.0000207958 
0.0000204067 
0.0000196326 
0.0000184313 
0.0000167600 
0.0000145766 
0.0000118431 
0.0000085235 
0.0000045848 
-0.0000000010 
-0.0000052560 
-0.0000111970 
-0.0000178342 
-0.0000251706 
-0.0000332000 
-0.0000419076 
-0.0000512683 
-0.0000612481 
-0.0000718010 
-0.0000828710 
-0.0000943891 
-0.0001062763 
-0.0001184395 
-0.0001307757 
-0.0001431690 
-0.0001554932 
-0.0001676094 
-0.0001793706 
-0.0001906186 
-0.0002011865 
-0.0002108993 
-0.0002195769 
-0.0002270332 
-0.0002330793 
-0.0002375231 
-0.0002401736 
-0.0002408427 
-0.0002393434 
-0.0002354977 
-0.0002291356 
-0.0002200949 
-0.0002082318 
-0.0001934131 
-0.0001755269 
-0.0001544800 
-0.0001302026 
-0.0001026496 
-0.0000718040 
-0.0000376778 
-0.0000003121 
0.0000402163 
0.0000837962 
0.0001302816 
0.0001794896 
0.0002311990 
0.0002851508 
0.0003410469 
0.0003985523 
0.0004572930 
0.0005168578 
0.0005768027 
0.0006366466 
0.0006958783 
0.0007539579 
0.0008103171 
0.0008643669 
0.0009154982 
0.0009630848 
0.0010064907 
0.0010450747 
0.0010781937 
0.0011052076 
0.0011254873 
0.0011384176 
0.0011434085 
0.0011398939 
0.0011273436 
0.0011052666 
0.0010732188 
0.0010308091 
0.0009777045 
0.0009136378 
0.0008384122 
0.0007519065 
0.0006540807 
0.0005449799 
0.0004247401 
0.0002935943 
0.0001518676 
-0.0000000110 
-0.0001615103 
-0.0003319973 
-0.0005107327 
-0.0006968745 
-0.0008894745 
-0.0010874854 
-0.0012897581 
-0.0014950474 
-0.0017020149 
-0.0019092355 
-0.0021152019 
-0.0023183308 
-0.0025169699 
-0.0027094058 
-0.0028938763 
-0.0030685740 
-0.0032316586 
-0.0033812697 
-0.0035155361 
-0.0036325844 
-0.0037305581 
-0.0038076211 
-0.0038619780 
-0.0038918814 
-0.0038956471 
-0.0038716668 
-0.0038184181 
-0.0037344809 
-0.0036185458 
-0.0034694277 
-0.0032860775 
-0.0030675888 
-0.0028132146 
-0.0025223708 
-0.0021946454 
-0.0018298081 
-0.0014278182 
-0.0009888235 
-0.0005131731 
-0.0000014133 
0.0005457041 
0.0011272266 
0.0017419962 
0.0023886546 
0.0030656455 
0.0037712175 
0.0045034304 
0.0052601628 
0.0060391182 
0.0068378361 
0.0076537032 
0.0084839619 
0.0093257237 
0.0101759851 
0.0110316404 
0.0118894971 
0.0127462906 
0.0135987053 
0.0144433846 
0.0152769580 
0.0160960486 
0.0168973011 
0.0176773927 
0.0184330558 
0.0191610930 
0.0198583995 
0.0205219740 
0.0211489428 
0.0217365684 
0.0222822735 
0.0227836505 
0.0232384761 
0.0236447238 
0.0240005784 
0.0243044435 
0.0245549530 
0.0247509776 
0.0248916321 
0.0249762795 
0.0250045386 
0.0249762795 
0.0248916321 
0.0247509776 
0.0245549530 
0.0243044435 
0.0240005784 
0.0236447238 
0.0232384761 
0.0227836505 
0.0222822735 
0.0217365684 
0.0211489428 
0.0205219740 
0.0198583995 
0.0191610930 
0.0184330558 
0.0176773927 
0.0168973011 
0.0160960486 
0.0152769580 
0.0144433846 
0.0135987053 
0.0127462906 
0.0118894971 
0.0110316404 
0.0101759851 
0.0093257237 
0.0084839619 
0.0076537032 
0.0068378361 
0.0060391182 
0.0052601628 
0.0045034304 
0.0037712175 
0.0030656455 
0.0023886546 
0.0017419962 
0.0011272266 
0.0005457041 
-0.0000014133 
-0.0005131731 
-0.0009888235 
-0.0014278182 
-0.0018298081 
-0.0021946454 
-0.0025223708 
-0.0028132146 
-0.0030675888 
-0.0032860775 
-0.0034694277 
-0.0036185458 
-0.0037344809 
-0.0038184181 
-0.0038716668 
-0.0038956471 
-0.0038918814 
-0.0038619780 
-0.0038076211 
-0.0037305581 
-0.0036325844 
-0.0035155361 
-0.0033812697 
-0.0032316586 
-0.0030685740 
-0.0028938763 
-0.0027094058 
-0.0025169699 
-0.0023183308 
-0.0021152019 
-0.0019092355 
-0.0017020149 
-0.0014950474 
-0.0012897581 
-0.0010874854 
-0.0008894745 
-0.0006968745 
-0.0005107327 
-0.0003319973 
-0.0001615103 
-0.0000000110 
0.0001518676 
0.0002935943 
0.0004247401 
0.0005449799 
0.0006540807 
0.0007519065 
0.0008384122 
0.0009136378 
0.0009777045 
0.0010308091 
0.0010732188 
0.0011052666 
0.0011273436 
0.0011398939 
0.0011434085 
0.0011384176 
0.0011254873 
0.0011052076 
0.0010781937 
0.0010450747 
0.0010064907 
0.0009630848 
0.0009154982 
0.0008643669 
0.0008103171 
0.0007539579 
0.0006958783 
0.0006366466 
0.0005768027 
0.0005168578 
0.0004572930 
0.0003985523 
0.0003410469 
0.0002851508 
0.0002311990 
0.0001794896 
0.0001302816 
0.0000837962 
0.0000402163 
-0.0000003121 
-0.0000376778 
-0.0000718040 
-0.0001026496 
-0.0001302026 
-0.0001544800 
-0.0001755269 
-0.0001934131 
-0.0002082318 
-0.0002200949 
-0.0002291356 
-0.0002354977 
-0.0002393434 
-0.0002408427 
-0.0002401736 
-0.0002375231 
-0.0002330793 
-0.0002270332 
-0.0002195769 
-0.0002108993 
-0.0002011865 
-0.0001906186 
-0.0001793706 
-0.0001676094 
-0.0001554932 
-0.0001431690 
-0.0001307757 
-0.0001184395 
-0.0001062763 
-0.0000943891 
-0.0000828710 
-0.0000718010 
-0.0000612481 
-0.0000512683 
-0.0000419076 
-0.0000332000 
-0.0000251706 
-0.0000178342 
-0.0000111970 
-0.0000052560 
-0.0000000010 
0.0000045848 
0.0000085235 
0.0000118431 
0.0000145766 
0.0000167600 
0.0000184313 
0.0000196326 
0.0000204067 
0.0000207958 
0.0000208438 
0.0000205937 
0.0000200886 
0.0000193675 
0.0000184714 
0.0000174362 
0.0000162960 
0.0000150837 
0.0000138275 
0.0000125543 
0.0000112870 
0.0000100458 
0.0000088476 
0.0000077074 
0.0000066362 
0.0000056430 
0.0000047329 
0.0000039107 
0.0000031776 
0.0000025345 
0.0000019774 
0.0000015043 
0.0000011102 
0.0000007891 
0.0000005351 
0.0000003401 
0.0000001980 
0.0000001000 
0.0000000390 
0.0000000080 
