0.0000000220 
0.0000001010 
0.0000002470 
0.0000004681 
0.0000007591 
0.0000011102 
0.0000014972 
0.0000018873 
0.0000022363 
0.0000024934 
0.0000026024 
0.0000025054 
0.0000021473 
0.0000014832 
0.0000004791 
-0.0000008751 
-0.0000025694 
-0.0000045637 
-0.0000067870 
-0.0000091383 
-0.0000114857 
-0.0000136730 
-0.0000155222 
-0.0000168454 
-0.0000174525 
-0.0000171655 
-0.0000158293 
-0.0000133279 
-0.0000095984 
-0.0000046377 
0.0000014812 
0.0000086052 
0.0000165014 
0.0000248546 
0.0000332738 
0.0000413090 
0.0000484640 
0.0000542208 
0.0000580654 
0.0000595166 
0.0000581584 
0.0000536698 
0.0000458556 
0.0000346720 
0.0000202469 
0.0000028964 
-0.0000168704 
-0.0000383576 
-0.0000606958 
-0.0000828690 
-0.0001037490 
-0.0001221437 
-0.0001368498 
-0.0001467172 
-0.0001507108 
-0.0001479754 
-0.0001378990 
-0.0001201714 
-0.0000948287 
-0.0000622860 
-0.0000233544 
0.0000207550 
0.0000684589 
0.0001178421 
0.0001667161 
0.0002127078 
0.0002533547 
0.0002862174 
0.0003090017 
0.0003196853 
0.0003166378 
0.0002987352 
0.0002654614 
0.0002169834 
0.0001542023 
0.0000787764 
-0.0000068970 
-0.0000997334 
-0.0001960494 
-0.0002916922 
-0.0003821923 
-0.0004629550 
-0.0005294656 
-0.0005775056 
-0.0006033803 
-0.0006041284 
-0.0005777216 
-0.0005232277 
-0.0004409398 
-0.0003324541 
-0.0002006940 
-0.0000498742 
0.0001146026 
0.0002863074 
0.0004580073 
0.0006219400 
0.0007701394 
0.0008947805 
0.0009885541 
0.0010450362 
0.0010590453 
0.0010269616 
0.0009470030 
0.0008194316 
0.0006466766 
0.0004333717 
0.0001862920 
-0.0000858134 
-0.0003724869 
-0.0006619228 
-0.0009414152 
-0.0011978693 
-0.0014183712 
-0.0015907802 
-0.0017043196 
-0.0017501503 
-0.0017218912 
-0.0016160549 
-0.0014323853 
-0.0011740719 
-0.0008478177 
-0.0004637601 
-0.0000352261 
0.0004216620 
0.0008885346 
0.0013454507 
0.0017716884 
0.0021466146 
0.0024505966 
0.0026659338 
0.0027777520 
0.0027748225 
0.0026502745 
0.0024021546 
0.0020338033 
0.0015540229 
0.0009770144 
0.0003220756 
-0.0003869360 
-0.0011223744 
-0.0018537813 
-0.0025490379 
-0.0031756605 
-0.0037021797 
-0.0040995532 
-0.0043425654 
-0.0044111313 
-0.0042914620 
-0.0039770305 
-0.0034692820 
-0.0027780470 
-0.0019216301 
-0.0009265441 
0.0001731131 
0.0013366324 
0.0025180004 
0.0036674927 
0.0047335250 
0.0056646687 
0.0064117978 
0.0069302459 
0.0071819243 
0.0071372908 
0.0067771017 
0.0060938448 
0.0050928170 
0.0037927518 
0.0022259781 
0.0004380654 
-0.0015130379 
-0.0035583799 
-0.0056198522 
-0.0076124666 
-0.0094469831 
-0.0110328315 
-0.0122811982 
-0.0131082019 
-0.0134380196 
-0.0132058800 
-0.0123607757 
-0.0108678237 
-0.0087101554 
-0.0058902614 
-0.0024307387 
0.0016256162 
0.0062163876 
0.0112607735 
0.0166614730 
0.0223071470 
0.0280754057 
0.0338362114 
0.0394556015 
0.0447996119 
0.0497382525 
0.0541494259 
0.0579226469 
0.0609624318 
0.0631912463 
0.0645519172 
0.0650094074 
0.0645519172 
0.0631912463 
0.0609624318 
0.0579226469 
0.0541494259 
0.0497382525 
0.0447996119 
0.0394556015 
0.0338362114 
0.0280754057 
0.0223071470 
0.0166614730 
0.0112607735 
0.0062163876 
0.0016256162 
-0.0024307387 
-0.0058902614 
-0.0087101554 
-0.0108678237 
-0.0123607757 
-0.0132058800 
-0.0134380196 
-0.0131082019 
-0.0122811982 
-0.0110328315 
-0.0094469831 
-0.0076124666 
-0.0056198522 
-0.0035583799 
-0.0015130379 
0.0004380654 
0.0022259781 
0.0037927518 
0.0050928170 
0.0060938448 
0.0067771017 
0.0071372908 
0.0071819243 
0.0069302459 
0.0064117978 
0.0056646687 
0.0047335250 
0.0036674927 
0.0025180004 
0.0013366324 
0.0001731131 
-0.0009265441 
-0.0019216301 
-0.0027780470 
-0.0034692820 
-0.0039770305 
-0.0042914620 
-0.0044111313 
-0.0043425654 
-0.0040995532 
-0.0037021797 
-0.0031756605 
-0.0025490379 
-0.0018537813 
-0.0011223744 
-0.0003869360 
0.0003220756 
0.0009770144 
0.0015540229 
0.0020338033 
0.0024021546 
0.0026502745 
0.0027748225 
0.0027777520 
0.0026659338 
0.0024505966 
0.0021466146 
0.0017716884 
0.0013454507 
0.0008885346 
0.0004216620 
-0.0000352261 
-0.0004637601 
-0.0008478177 
-0.0011740719 
-0.0014323853 
-0.0016160549 
-0.0017218912 
-0.0017501503 
-0.0017043196 
-0.0015907802 
-0.0014183712 
-0.0011978693 
-0.0009414152 
-0.0006619228 
-0.0003724869 
-0.0000858134 
0.0001862920 
0.0004333717 
0.0006466766 
0.0008194316 
0.0009470030 
0.0010269616 
0.0010590453 
0.0010450362 
0.0009885541 
0.0008947805 
0.0007701394 
0.0006219400 
0.0004580073 
0.0002863074 
0.0001146026 
-0.0000498742 
-0.0002006940 
-0.0003324541 
-0.0004409398 
-0.0005232277 
-0.0005777216 
-0.0006041284 
-0.0006033803 
-0.0005775056 
-0.0005294656 
-0.0004629550 
-0.0003821923 
-0.0002916922 
-0.0001960494 
-0.0000997334 
-0.0000068970 
0.0000787764 
0.0001542023 
0.0002169834 
0.0002654614 
0.0002987352 
0.0003166378 
0.0003196853 
0.0003090017 
0.0002862174 
0.0002533547 
0.0002127078 
0.0001667161 
0.0001178421 
0.0000684589 
0.0000207550 
-0.0000233544 
-0.0000622860 
-0.0000948287 
-0.0001201714 
-0.0001378990 
-0.0001479754 
-0.0001507108 
-0.0001467172 
-0.0001368498 
-0.0001221437 
-0.0001037490 
-0.0000828690 
-0.0000606958 
-0.0000383576 
-0.0000168704 
0.0000028964 
0.0000202469 
0.0000346720 
0.0000458556 
0.0000536698 
0.0000581584 
0.0000595166 
0.0000580654 
0.0000542208 
0.0000484640 
0.0000413090 
0.0000332738 
0.0000248546 
0.0000165014 
0.0000086052 
0.0000014812 
-0.0000046377 
-0.0000095984 
-0.0000133279 
-0.0000158293 
-0.0000171655 
-0.0000174525 
-0.0000168454 
-0.0000155222 
-0.0000136730 
-0.0000114857 
-0.0000091383 
-0.0000067870 
-0.0000045637 
-0.0000025694 
-0.0000008751 
0.0000004791 
0.0000014832 
0.0000021473 
0.0000025054 
0.0000026024 
0.0000024934 
0.0000022363 
0.0000018873 
0.0000014972 
0.0000011102 
0.0000007591 
0.0000004681 
0.0000002470 
0.0000001010 
0.0000000220 
