-0.0000000031 
-0.0000000163 
-0.0000000419 
-0.0000000828 
-0.0000001420 
-0.0000002258 
-0.0000003372 
-0.0000004803 
-0.0000006612 
-0.0000008839 
-0.0000011547 
-0.0000014787 
-0.0000018629 
-0.0000023125 
-0.0000028357 
-0.0000034376 
-0.0000041253 
-0.0000049081 
-0.0000057910 
-0.0000067822 
-0.0000078909 
-0.0000091223 
-0.0000104865 
-0.0000119907 
-0.0000136410 
-0.0000154477 
-0.0000174168 
-0.0000195566 
-0.0000218732 
-0.0000243758 
-0.0000270694 
-0.0000299613 
-0.0000330566 
-0.0000363623 
-0.0000398827 
-0.0000436227 
-0.0000475866 
-0.0000517773 
-0.0000561969 
-0.0000608474 
-0.0000657310 
-0.0000708455 
-0.0000761919 
-0.0000817662 
-0.0000875674 
-0.0000935903 
-0.0000998288 
-0.0001062758 
-0.0001129252 
-0.0001197656 
-0.0001267869 
-0.0001339768 
-0.0001413200 
-0.0001488021 
-0.0001564059 
-0.0001641118 
-0.0001718985 
-0.0001797455 
-0.0001876262 
-0.0001955160 
-0.0002033865 
-0.0002112079 
-0.0002189486 
-0.0002265749 
-0.0002340509 
-0.0002413399 
-0.0002484021 
-0.0002551955 
-0.0002616782 
-0.0002678044 
-0.0002735269 
-0.0002787977 
-0.0002835668 
-0.0002877799 
-0.0002913851 
-0.0002943261 
-0.0002965446 
-0.0002979844 
-0.0002985832 
-0.0002982807 
-0.0002970136 
-0.0002947185 
-0.0002913299 
-0.0002867826 
-0.0002810080 
-0.0002739407 
-0.0002655103 
-0.0002556502 
-0.0002442890 
-0.0002313582 
-0.0002167894 
-0.0002005110 
-0.0001824555 
-0.0001625524 
-0.0001407334 
-0.0001169319 
-0.0000910796 
-0.0000631099 
-0.0000329595 
-0.0000005641 
0.0000341387 
0.0000712103 
0.0001107077 
0.0001526893 
0.0001972083 
0.0002443176 
0.0002940665 
0.0003465019 
0.0004016687 
0.0004596069 
0.0005203563 
0.0005839495 
0.0006504193 
0.0007197922 
0.0007920918 
0.0008673384 
0.0009455465 
0.0010267292 
0.0011108917 
0.0011980391 
0.0012881673 
0.0013812702 
0.0014773365 
0.0015763499 
0.0016782899 
0.0017831290 
0.0018908375 
0.0020013776 
0.0021147085 
0.0022307820 
0.0023495482 
0.0024709478 
0.0025949204 
0.0027213957 
0.0028503029 
0.0029815625 
0.0031150918 
0.0032508016 
0.0033886002 
0.0035283863 
0.0036700599 
0.0038135105 
0.0039586257 
0.0041052890 
0.0042533789 
0.0044027686 
0.0045533283 
0.0047049242 
0.0048574184 
0.0050106697 
0.0051645332 
0.0053188606 
0.0054735007 
0.0056283001 
0.0057831017 
0.0059377479 
0.0060920773 
0.0062459275 
0.0063991339 
0.0065515310 
0.0067029532 
0.0068532319 
0.0070021996 
0.0071496886 
0.0072955303 
0.0074395562 
0.0075816017 
0.0077214982 
0.0078590812 
0.0079941871 
0.0081266546 
0.0082563232 
0.0083830354 
0.0085066371 
0.0086269760 
0.0087439028 
0.0088572715 
0.0089669420 
0.0090727764 
0.0091746398 
0.0092724034 
0.0093659426 
0.0094551379 
0.0095398757 
0.0096200457 
0.0096955448 
0.0097662758 
0.0098321457 
0.0098930688 
0.0099489663 
0.0099997646 
0.0100453964 
0.0100858023 
0.0101209292 
0.0101507311 
0.0101751692 
0.0101942087 
0.0102078272 
0.0102160053 
0.0102187327 
0.0102160053 
0.0102078272 
0.0101942087 
0.0101751692 
0.0101507311 
0.0101209292 
0.0100858023 
0.0100453964 
0.0099997646 
0.0099489663 
0.0098930688 
0.0098321457 
0.0097662758 
0.0096955448 
0.0096200457 
0.0095398757 
0.0094551379 
0.0093659426 
0.0092724034 
0.0091746398 
0.0090727764 
0.0089669420 
0.0088572715 
0.0087439028 
0.0086269760 
0.0085066371 
0.0083830354 
0.0082563232 
0.0081266546 
0.0079941871 
0.0078590812 
0.0077214982 
0.0075816017 
0.0074395562 
0.0072955303 
0.0071496886 
0.0070021996 
0.0068532319 
0.0067029532 
0.0065515310 
0.0063991339 
0.0062459275 
0.0060920773 
0.0059377479 
0.0057831017 
0.0056283001 
0.0054735007 
0.0053188606 
0.0051645332 
0.0050106697 
0.0048574184 
0.0047049242 
0.0045533283 
0.0044027686 
0.0042533789 
0.0041052890 
0.0039586257 
0.0038135105 
0.0036700599 
0.0035283863 
0.0033886002 
0.0032508016 
0.0031150918 
0.0029815625 
0.0028503029 
0.0027213957 
0.0025949204 
0.0024709478 
0.0023495482 
0.0022307820 
0.0021147085 
0.0020013776 
0.0018908375 
0.0017831290 
0.0016782899 
0.0015763499 
0.0014773365 
0.0013812702 
0.0012881673 
0.0011980391 
0.0011108917 
0.0010267292 
0.0009455465 
0.0008673384 
0.0007920918 
0.0007197922 
0.0006504193 
0.0005839495 
0.0005203563 
0.0004596069 
0.0004016687 
0.0003465019 
0.0002940665 
0.0002443176 
0.0001972083 
0.0001526893 
0.0001107077 
0.0000712103 
0.0000341387 
-0.0000005641 
-0.0000329595 
-0.0000631099 
-0.0000910796 
-0.0001169319 
-0.0001407334 
-0.0001625524 
-0.0001824555 
-0.0002005110 
-0.0002167894 
-0.0002313582 
-0.0002442890 
-0.0002556502 
-0.0002655103 
-0.0002739407 
-0.0002810080 
-0.0002867826 
-0.0002913299 
-0.0002947185 
-0.0002970136 
-0.0002982807 
-0.0002985832 
-0.0002979844 
-0.0002965446 
-0.0002943261 
-0.0002913851 
-0.0002877799 
-0.0002835668 
-0.0002787977 
-0.0002735269 
-0.0002678044 
-0.0002616782 
-0.0002551955 
-0.0002484021 
-0.0002413399 
-0.0002340509 
-0.0002265749 
-0.0002189486 
-0.0002112079 
-0.0002033865 
-0.0001955160 
-0.0001876262 
-0.0001797455 
-0.0001718985 
-0.0001641118 
-0.0001564059 
-0.0001488021 
-0.0001413200 
-0.0001339768 
-0.0001267869 
-0.0001197656 
-0.0001129252 
-0.0001062758 
-0.0000998288 
-0.0000935903 
-0.0000875674 
-0.0000817662 
-0.0000761919 
-0.0000708455 
-0.0000657310 
-0.0000608474 
-0.0000561969 
-0.0000517773 
-0.0000475866 
-0.0000436227 
-0.0000398827 
-0.0000363623 
-0.0000330566 
-0.0000299613 
-0.0000270694 
-0.0000243758 
-0.0000218732 
-0.0000195566 
-0.0000174168 
-0.0000154477 
-0.0000136410 
-0.0000119907 
-0.0000104865 
-0.0000091223 
-0.0000078909 
-0.0000067822 
-0.0000057910 
-0.0000049081 
-0.0000041253 
-0.0000034376 
-0.0000028357 
-0.0000023125 
-0.0000018629 
-0.0000014787 
-0.0000011547 
-0.0000008839 
-0.0000006612 
-0.0000004803 
-0.0000003372 
-0.0000002258 
-0.0000001420 
-0.0000000828 
-0.0000000419 
-0.0000000163 
-0.0000000031 
