-0.0000000070 
-0.000000032
-0.000000081
-0.00000016
-0.000000275
-0.000000435
-0.000000644
-0.000000911
-0.000001243
-0.000001646
-0.000002126
-0.000002692
-0.000003346
-0.000004096
-0.000004945
-0.000005896
-0.000006951
-0.000008111
-0.000009376
-0.000010742
-0.000012205
-0.00001376
-0.000015399
-0.000017111
-0.000018884
-0.000020702
-0.00002255
-0.000024406
-0.000026248
-0.000028053
-0.000029791
-0.000031435
-0.00003295
-0.000034304
-0.000035459
-0.000036376
-0.000037015
-0.000037334
-0.00003729
-0.000036837
-0.000035932
-0.000034527
-0.000032579
-0.000030041
-0.00002687
-0.000023023
-0.000018459
-0.000013139
-0.000007027
-0.000000092
0.000007694
0.000016356
0.000025912
0.000036375
0.00004775
0.000060039
0.000073234
0.000087318
0.00010227
0.000118055
0.000134633
0.000151952
0.000169952
0.000188561
0.000207699
0.000227273
0.000247181
0.000267311
0.000287539
0.000307731
0.000327744
0.000347425
0.000366611
0.000385131
0.000402805
0.000419446
0.000434861
0.000448849
0.000461208
0.000471727
0.000480197
0.000486405
0.00049014
0.000491189
0.000489344
0.000484402
0.000476165
0.000464441
0.000449049
0.000429818
0.00040659
0.000379221
0.000347583
0.000311566
0.000271079
0.000226053
0.000176441
0.00012222
0.000063394
-0.000000006
-0.00006792
-0.00014026
-0.000216904
-0.0002977
-0.000382462
-0.00047097
-0.000562971
-0.000658177
-0.000756262
-0.00085687
-0.000959606
-0.001064042
-0.001169716
-0.001276131
-0.00138276
-0.001489043
-0.00159439
-0.001698184
-0.001799778
-0.001898504
-0.00199367
-0.002084563
-0.002170452
-0.002250594
-0.00232423
-0.002390596
-0.002448918
-0.002498423
-0.002538338
-0.002567894
-0.002586331
-0.0025929
-0.002586871
-0.002567529
-0.002534186
-0.002486181
-0.002422884
-0.0023437
-0.002248073
-0.002135489
-0.002005481
-0.001857633
-0.001691578
-0.001507009
-0.001303676
-0.001081392
-0.000840033
-0.000579543
-0.000299934
-0.000001288
0.000316238
0.000652418
0.00100695
0.001379455
0.001769482
0.002176505
0.002599922
0.003039057
0.003493164
0.003961423
0.004442945
0.004936776
0.005441895
0.00595722
0.00648161
0.007013869
0.007552749
0.008096954
0.008645146
0.009195947
0.009747945
0.0102997
0.010849749
0.011396607
0.01193878
0.012474764
0.013003055
0.013522152
0.014030565
0.014526819
0.015009461
0.015477065
0.015928238
0.016361627
0.016775923
0.017169864
0.017542246
0.017891924
0.018217815
0.018518907
0.018794262
0.019043017
0.019264392
0.019457687
0.019622294
0.01975769
0.019863448
0.019939229
0.019984795
0.02
0.019984795
0.019939229
0.019863448
0.01975769
0.019622294
0.019457687
0.019264392
0.019043017
0.018794262
0.018518907
0.018217815
0.017891924
0.017542246
0.017169864
0.016775923
0.016361627
0.015928238
0.015477065
0.015009461
0.014526819
0.014030565
0.013522152
0.013003055
0.012474764
0.01193878
0.011396607
0.010849749
0.0102997
0.009747945
0.009195947
0.008645146
0.008096954
0.007552749
0.007013869
0.00648161
0.00595722
0.005441895
0.004936776
0.004442945
0.003961423
0.003493164
0.003039057
0.002599922
0.002176505
0.001769482
0.001379455
0.00100695
0.000652418
0.000316238
-0.000001288
-0.000299934
-0.000579543
-0.000840033
-0.001081392
-0.001303676
-0.001507009
-0.001691578
-0.001857633
-0.002005481
-0.002135489
-0.002248073
-0.0023437
-0.002422884
-0.002486181
-0.002534186
-0.002567529
-0.002586871
-0.0025929
-0.002586331
-0.002567894
-0.002538338
-0.002498423
-0.002448918
-0.002390596
-0.00232423
-0.002250594
-0.002170452
-0.002084563
-0.00199367
-0.001898504
-0.001799778
-0.001698184
-0.00159439
-0.001489043
-0.00138276
-0.001276131
-0.001169716
-0.001064042
-0.000959606
-0.00085687
-0.000756262
-0.000658177
-0.000562971
-0.00047097
-0.000382462
-0.0002977
-0.000216904
-0.00014026
-0.00006792
-0.000000006
0.000063394
0.00012222
0.000176441
0.000226053
0.000271079
0.000311566
0.000347583
0.000379221
0.00040659
0.000429818
0.000449049
0.000464441
0.000476165
0.000484402
0.000489344
0.000491189
0.00049014
0.000486405
0.000480197
0.000471727
0.000461208
0.000448849
0.000434861
0.000419446
0.000402805
0.000385131
0.000366611
0.000347425
0.000327744
0.000307731
0.000287539
0.000267311
0.000247181
0.000227273
0.000207699
0.000188561
0.000169952
0.000151952
0.000134633
0.000118055
0.00010227
0.000087318
0.000073234
0.000060039
0.00004775
0.000036375
0.000025912
0.000016356
0.000007694
-0.000000092
-0.000007027
-0.000013139
-0.000018459
-0.000023023
-0.00002687
-0.000030041
-0.000032579
-0.000034527
-0.000035932
-0.000036837
-0.00003729
-0.000037334
-0.000037015
-0.000036376
-0.000035459
-0.000034304
-0.00003295
-0.000031435
-0.000029791
-0.000028053
-0.000026248
-0.000024406
-0.00002255
-0.000020702
-0.000018884
-0.000017111
-0.000015399
-0.00001376
-0.000012205
-0.000010742
-0.000009376
-0.000008111
-0.000006951
-0.000005896
-0.000004945
-0.000004096
-0.000003346
-0.000002692
-0.000002126
-0.000001646
-0.000001243
-0.000000911
-0.000000644
-0.000000435
-0.000000275
-0.00000016
-0.000000081
-0.000000032
-0.000000007
