0.0000000050 
0.000000024
0.00000006
0.00000012
0.000000207
0.000000328
0.000000489
0.000000694
0.000000952
0.000001268
0.000001649
0.000002103
0.000002635
0.000003253
0.000003963
0.000004773
0.000005688
0.000006715
0.000007859
0.000009126
0.000010519
0.000012043
0.000013701
0.000015495
0.000017426
0.000019495
0.000021699
0.000024038
0.000026506
0.0000291
0.000031811
0.000034632
0.000037552
0.000040559
0.000043639
0.000046777
0.000049953
0.000053149
0.000056343
0.000059508
0.000062621
0.000065651
0.000068569
0.000071341
0.000073933
0.000076307
0.000078425
0.000080247
0.000081729
0.000082827
0.000083497
0.00008369
0.000083358
0.000082453
0.000080924
0.000078719
0.000075789
0.000072082
0.000067546
0.000062131
0.000055786
0.000048464
0.000040115
0.000030693
0.000020155
0.000008459
-0.000004435
-0.000018562
-0.000033955
-0.000050644
-0.000068652
-0.000088001
-0.000108704
-0.000130772
-0.00015421
-0.000179015
-0.000205179
-0.000232688
-0.000261519
-0.000291644
-0.000323024
-0.000355615
-0.000389365
-0.00042421
-0.000460081
-0.000496899
-0.000534575
-0.000573013
-0.000612104
-0.000651733
-0.000691776
-0.000732095
-0.000772549
-0.000812983
-0.000853234
-0.000893131
-0.000932493
-0.000971132
-0.001008849
-0.00104544
-0.001080691
-0.001114382
-0.001146286
-0.001176169
-0.001203792
-0.001228911
-0.001251276
-0.001270633
-0.001286728
-0.001299299
-0.001308087
-0.001312828
-0.001313261
-0.001309123
-0.001300154
-0.001286094
-0.00126669
-0.001241689
-0.001210846
-0.001173919
-0.001130675
-0.001080889
-0.001024343
-0.000960829
-0.000890151
-0.000812123
-0.000726573
-0.00063334
-0.00053228
-0.000423262
-0.000306171
-0.000180909
-0.000047396
0.000094431
0.000244614
0.000403179
0.00057013
0.00074545
0.000929103
0.001121028
0.001321147
0.001529356
0.001745531
0.001969525
0.002201167
0.002440266
0.002686607
0.002939952
0.003200042
0.003466595
0.003739309
0.004017858
0.004301898
0.004591064
0.00488497
0.005183213
0.005485371
0.005791004
0.006099657
0.006410859
0.006724124
0.007038952
0.007354834
0.007671246
0.007987657
0.008303525
0.008618304
0.008931438
0.009242369
0.009550537
0.009855378
0.010156328
0.010452826
0.010744313
0.011030233
0.011310036
0.011583182
0.011849136
0.012107376
0.01235739
0.012598678
0.012830758
0.01305316
0.013265434
0.013467146
0.013657883
0.013837253
0.014004885
0.014160431
0.014303568
0.014433997
0.014551445
0.014655664
0.014746438
0.014823573
0.014886907
0.014936306
0.014971667
0.014992913
0.015
0.014992913
0.014971667
0.014936306
0.014886907
0.014823573
0.014746438
0.014655664
0.014551445
0.014433997
0.014303568
0.014160431
0.014004885
0.013837253
0.013657883
0.013467146
0.013265434
0.01305316
0.012830758
0.012598678
0.01235739
0.012107376
0.011849136
0.011583182
0.011310036
0.011030233
0.010744313
0.010452826
0.010156328
0.009855378
0.009550537
0.009242369
0.008931438
0.008618304
0.008303525
0.007987657
0.007671246
0.007354834
0.007038952
0.006724124
0.006410859
0.006099657
0.005791004
0.005485371
0.005183213
0.00488497
0.004591064
0.004301898
0.004017858
0.003739309
0.003466595
0.003200042
0.002939952
0.002686607
0.002440266
0.002201167
0.001969525
0.001745531
0.001529356
0.001321147
0.001121028
0.000929103
0.00074545
0.00057013
0.000403179
0.000244614
0.000094431
-0.000047396
-0.000180909
-0.000306171
-0.000423262
-0.00053228
-0.00063334
-0.000726573
-0.000812123
-0.000890151
-0.000960829
-0.001024343
-0.001080889
-0.001130675
-0.001173919
-0.001210846
-0.001241689
-0.00126669
-0.001286094
-0.001300154
-0.001309123
-0.001313261
-0.001312828
-0.001308087
-0.001299299
-0.001286728
-0.001270633
-0.001251276
-0.001228911
-0.001203792
-0.001176169
-0.001146286
-0.001114382
-0.001080691
-0.00104544
-0.001008849
-0.000971132
-0.000932493
-0.000893131
-0.000853234
-0.000812983
-0.000772549
-0.000732095
-0.000691776
-0.000651733
-0.000612104
-0.000573013
-0.000534575
-0.000496899
-0.000460081
-0.00042421
-0.000389365
-0.000355615
-0.000323024
-0.000291644
-0.000261519
-0.000232688
-0.000205179
-0.000179015
-0.00015421
-0.000130772
-0.000108704
-0.000088001
-0.000068652
-0.000050644
-0.000033955
-0.000018562
-0.000004435
0.000008459
0.000020155
0.000030693
0.000040115
0.000048464
0.000055786
0.000062131
0.000067546
0.000072082
0.000075789
0.000078719
0.000080924
0.000082453
0.000083358
0.00008369
0.000083497
0.000082827
0.000081729
0.000080247
0.000078425
0.000076307
0.000073933
0.000071341
0.000068569
0.000065651
0.000062621
0.000059508
0.000056343
0.000053149
0.000049953
0.000046777
0.000043639
0.000040559
0.000037552
0.000034632
0.000031811
0.0000291
0.000026506
0.000024038
0.000021699
0.000019495
0.000017426
0.000015495
0.000013701
0.000012043
0.000010519
0.000009126
0.000007859
0.000006715
0.000005688
0.000004773
0.000003963
0.000003253
0.000002635
0.000002103
0.000001649
0.000001268
0.000000952
0.000000694
0.000000489
0.000000328
0.000000207
0.00000012
0.00000006
0.000000024
0.000000005
