0.0000000028 
0.0000000113 
0.0000000282 
0.0000000564 
0.0000000973 
0.0000001550 
0.0000002311 
0.0000003312 
0.0000004567 
0.0000006131 
0.0000008034 
0.0000010331 
0.0000013051 
0.0000016265 
0.0000020028 
0.0000024369 
0.0000029387 
0.0000035123 
0.0000041649 
0.0000049020 
0.0000057350 
0.0000066681 
0.0000077096 
0.0000088696 
0.0000101564 
0.0000115800 
0.0000131487 
0.0000148710 
0.0000167611 
0.0000188273 
0.0000210796 
0.0000235320 
0.0000261945 
0.0000290796 
0.0000322001 
0.0000355672 
0.0000391966 
0.0000431007 
0.0000472910 
0.0000517857 
0.0000565961 
0.0000617377 
0.0000672247 
0.0000730753 
0.0000793008 
0.0000859209 
0.0000929484 
0.0001004015 
0.0001082958 
0.0001166481 
0.0001254755 
0.0001347947 
0.0001446213 
0.0001549751 
0.0001658715 
0.0001773288 
0.0001893640 
0.0002019940 
0.0002152371 
0.0002291117 
0.0002436331 
0.0002588199 
0.0002746888 
0.0002912567 
0.0003085421 
0.0003265618 
0.0003453313 
0.0003648676 
0.0003851875 
0.0004063066 
0.0004282403 
0.0004510042 
0.0004746137 
0.0004990830 
0.0005244276 
0.0005506601 
0.0005777947 
0.0006058439 
0.0006348206 
0.0006647360 
0.0006956014 
0.0007274280 
0.0007602271 
0.0007940057 
0.0008287752 
0.0008645412 
0.0009013135 
0.0009390964 
0.0009778983 
0.0010177220 
0.0010585719 
0.0011004534 
0.0011433667 
0.0011873144 
0.0012322981 
0.0012783164 
0.0013253692 
0.0013734537 
0.0014225670 
0.0014727037 
0.0015238607 
0.0015760312 
0.0016292080 
0.0016833827 
0.0017385468 
0.0017946890 
0.0018517968 
0.0019098601 
0.0019688635 
0.0020287943 
0.0020896343 
0.0021513678 
0.0022139766 
0.0022774409 
0.0023417410 
0.0024068571 
0.0024727640 
0.0025394404 
0.0026068610 
0.0026750005 
0.0027438305 
0.0028133244 
0.0028834539 
0.0029541896 
0.0030254988 
0.0030973521 
0.0031697142 
0.0032425527 
0.0033158338 
0.0033895208 
0.0034635784 
0.0035379687 
0.0036126536 
0.0036875935 
0.0037627506 
0.0038380838 
0.0039135523 
0.0039891138 
0.0040647261 
0.0041403482 
0.0042159337 
0.0042914403 
0.0043668243 
0.0044420405 
0.0045170425 
0.0045917851 
0.0046662233 
0.0047403092 
0.0048139990 
0.0048872448 
0.0049600002 
0.0050322171 
0.0051038505 
0.0051748525 
0.0052451766 
0.0053147762 
0.0053836048 
0.0054516160 
0.0055187645 
0.0055850026 
0.0056502865 
0.0057145697 
0.0057778099 
0.0058399606 
0.0059009795 
0.0059608230 
0.0060194487 
0.0060768143 
0.0061328791 
0.0061876035 
0.0062409466 
0.0062928704 
0.0063433382 
0.0063923106 
0.0064397524 
0.0064856311 
0.0065299087 
0.0065725556 
0.0066135393 
0.0066528289 
0.0066903947 
0.0067262086 
0.0067602438 
0.0067924749 
0.0068228765 
0.0068514276 
0.0068781055 
0.0069028905 
0.0069257615 
0.0069467044 
0.0069656994 
0.0069827353 
0.0069977980 
0.0070108762 
0.0070219586 
0.0070310383 
0.0070381066 
0.0070431595 
0.0070461926 
0.0070472045 
0.0070461926 
0.0070431595 
0.0070381066 
0.0070310383 
0.0070219586 
0.0070108762 
0.0069977980 
0.0069827353 
0.0069656994 
0.0069467044 
0.0069257615 
0.0069028905 
0.0068781055 
0.0068514276 
0.0068228765 
0.0067924749 
0.0067602438 
0.0067262086 
0.0066903947 
0.0066528289 
0.0066135393 
0.0065725556 
0.0065299087 
0.0064856311 
0.0064397524 
0.0063923106 
0.0063433382 
0.0062928704 
0.0062409466 
0.0061876035 
0.0061328791 
0.0060768143 
0.0060194487 
0.0059608230 
0.0059009795 
0.0058399606 
0.0057778099 
0.0057145697 
0.0056502865 
0.0055850026 
0.0055187645 
0.0054516160 
0.0053836048 
0.0053147762 
0.0052451766 
0.0051748525 
0.0051038505 
0.0050322171 
0.0049600002 
0.0048872448 
0.0048139990 
0.0047403092 
0.0046662233 
0.0045917851 
0.0045170425 
0.0044420405 
0.0043668243 
0.0042914403 
0.0042159337 
0.0041403482 
0.0040647261 
0.0039891138 
0.0039135523 
0.0038380838 
0.0037627506 
0.0036875935 
0.0036126536 
0.0035379687 
0.0034635784 
0.0033895208 
0.0033158338 
0.0032425527 
0.0031697142 
0.0030973521 
0.0030254988 
0.0029541896 
0.0028834539 
0.0028133244 
0.0027438305 
0.0026750005 
0.0026068610 
0.0025394404 
0.0024727640 
0.0024068571 
0.0023417410 
0.0022774409 
0.0022139766 
0.0021513678 
0.0020896343 
0.0020287943 
0.0019688635 
0.0019098601 
0.0018517968 
0.0017946890 
0.0017385468 
0.0016833827 
0.0016292080 
0.0015760312 
0.0015238607 
0.0014727037 
0.0014225670 
0.0013734537 
0.0013253692 
0.0012783164 
0.0012322981 
0.0011873144 
0.0011433667 
0.0011004534 
0.0010585719 
0.0010177220 
0.0009778983 
0.0009390964 
0.0009013135 
0.0008645412 
0.0008287752 
0.0007940057 
0.0007602271 
0.0007274280 
0.0006956014 
0.0006647360 
0.0006348206 
0.0006058439 
0.0005777947 
0.0005506601 
0.0005244276 
0.0004990830 
0.0004746137 
0.0004510042 
0.0004282403 
0.0004063066 
0.0003851875 
0.0003648676 
0.0003453313 
0.0003265618 
0.0003085421 
0.0002912567 
0.0002746888 
0.0002588199 
0.0002436331 
0.0002291117 
0.0002152371 
0.0002019940 
0.0001893640 
0.0001773288 
0.0001658715 
0.0001549751 
0.0001446213 
0.0001347947 
0.0001254755 
0.0001166481 
0.0001082958 
0.0001004015 
0.0000929484 
0.0000859209 
0.0000793008 
0.0000730753 
0.0000672247 
0.0000617377 
0.0000565961 
0.0000517857 
0.0000472910 
0.0000431007 
0.0000391966 
0.0000355672 
0.0000322001 
0.0000290796 
0.0000261945 
0.0000235320 
0.0000210796 
0.0000188273 
0.0000167611 
0.0000148710 
0.0000131487 
0.0000115800 
0.0000101564 
0.0000088696 
0.0000077096 
0.0000066681 
0.0000057350 
0.0000049020 
0.0000041649 
0.0000035123 
0.0000029387 
0.0000024369 
0.0000020028 
0.0000016265 
0.0000013051 
0.0000010331 
0.0000008034 
0.0000006131 
0.0000004567 
0.0000003312 
0.0000002311 
0.0000001550 
0.0000000973 
0.0000000564 
0.0000000282 
0.0000000113 
0.0000000028 
